[..#.##] (0,1,3,4) (0,3,4) (0,5) (0,1,2) (3,5) (0,2,3,4) (2,3) {58,27,37,57,37,24}
[####] (0,1,2,3) (0,1,3) {180,180,10,180}
[#.#.] (2) (1,3) (0,2) (0,1,2) (0) (1,2,3) {27,9,26,9}
[#.####...#] (2,5,6) (0,1,3,4,6,7) (0,1,2,3,4,5,7,8) (3,6) (3,4,6,7) (0,2,3,5,7,8,9) (0,1,2,3,4,5,7) (1,2,3,4,5,9) {37,37,56,66,48,56,48,48,10,20}
[#.#.##....] (0,2,3,4,5,7,9) (0,1,4,5,6,7) (0,2,3,5,8,9) (0,1,3,4,6,7,9) (0,1,2,3,5,6,8,9) (0,4,7) (2,3,4,8,9) (1,2,3,5,7,8,9) {189,165,28,35,188,174,158,192,14,35}
[.#.#.#] (0,1,2,3,5) (1,3,5) (2,4,5) (3,4,5) (0,1,2,4) (0,3) {25,18,25,15,25,15}
[.##....##.] (0,1,2,4,5,6,7,8) (1,2,3,5,6,7,8,9) (0,2,3,4,5,6,7,8) (0,3,5) (2,3,5,6,7,8,9) (2,3,6,7) (4,5,9) (1,2,3,6,9) (1,4,5,6,7,8) (2,3,4,6,9) (1,2,4,6,7,8,9) {14,26,46,38,43,42,48,40,31,45}
[.##...##.] (1,3,6) (0,2,6,7,8) (0,5,7,8) (2,5,7) (3,4,5,6,7,8) (0,1,2,3,5,6,7) (1,2,3,4,6) (2,3,4,5) (0,1,3,5,6,7,8) {34,37,37,191,163,206,188,203,180}
[.####.#.] (0,1,2,3,4,6) (1,2,3,4,5) (5,6,7) (1,2,4,5,7) (0,1,2,3,4,6,7) (0,2,3,4,7) {30,42,52,49,52,27,25,30}
[##.###] (0,3) (0,2,4) (1,2,3,5) (0,1,4,5) {23,31,29,20,22,31}
[...#.###] (1,5,6) (6) (6,7) (2,4,5,7) (1,2,3,5,6,7) (3,5,6,7) (0,1,3,7) (1,2,3,4,5,7) (0,1,2,5,7) {30,70,54,53,25,84,60,94}
[#..##] (0,3,4) (0,1,2,4) (0,2,4) {38,3,23,15,38}
[#....] (0,1,2) (3,4) (2,3) (0,1,2,4) (0,3,4) {52,39,46,23,35}
[###.] (0,2,3) (1) (0,2) {8,18,8,2}
[##..] (1,2) (0,3) (0,1) (2,3) {8,13,13,8}
[##..#####] (1,3,7) (1,5,6,7) (0,2,3,5,7,8) (0,1,2,3,4,5,7,8) (0,1,4,5,6,7,8) (4,5,6,7,8) (0,2,3,4,6,7,8) (4,7,8) (0,1,2,3,4,5,8) (1,6) (1,2,4,5,7,8) {59,105,73,73,93,92,51,124,103}
[####..##.#] (2,3,5,7,8,9) (0,3,5,6,8) (1,3,7,8) (0,2,3,5) (1,2,3,4,5,6,7,8) (3,5,7) (9) (0,1,3,4,6,7,8) (0,1,2,3,4,5,7,9) (0,1,2,3,4,5,6,9) (5,8) (2,3,5) {47,30,68,91,24,97,20,46,53,53}
[##.#.#.] (0,2,3,5,6) (0) (1,2,4) (1,2,3,6) (2,4) (3,6) (0,3,6) (0,1,3,5) (2,3,4,5,6) {42,28,156,67,138,35,53}
[..###..#] (1,5,6,7) (0,2,3,5,6,7) (1,2,3,4,7) (0,2,4,5) (0,1,2,4,5,7) (0,3,5,7) (0,7) (2,3,4,6,7) {47,45,49,46,49,55,30,85}
[#.#.] (1,2) (0,3) (2,3) (0,2) (0,2,3) (0,1,2) {67,37,82,45}
[..##.] (0,2,3) (1,3,4) (3,4) (0,1,2,4) (0,1,2) (0,1,4) (1,2,4) {40,49,21,30,53}
[#....##..#] (1,2,3,4,5,6,8) (1,3,5,6) (2,3,7,9) (1,2,4,6,8) (2,3,5,8) (1,3) (2,8,9) (1,5) (0,4,6,8) (1,2,3,5,6,7,8,9) (0,6,7) {29,63,88,63,45,54,74,40,86,37}
[.#.####..#] (1,2,3,5,6,7) (0,3,5,9) (0,1,4,5,7,9) (0,1,2,3,4,7,8,9) (0,1,4,6,7,8,9) (0,1,4,5,6,8,9) (0,2,3,4,6,7,8,9) (1,7) (1,3,4,5,7,8) (0,1,2,3,4,5,8) {62,241,38,67,57,67,40,223,56,43}
[##.#.###..] (1) (0,2,9) (0,2,4) (0,2,4,5,8,9) (0,1,3,4,5,6,7,8) (1,6,8) (0,4,5) (2,4,6,8,9) (0,1,7,8,9) (1,4,8) (0,1,3,4,7,8) (2,3,5,6,7,9) {44,30,37,16,49,27,23,22,40,36}
[#.#.#.#] (0,2,3,5) (0,3) (1,6) (0,2,4,6) (0,1,2,3,5,6) (2,6) (0,3,4,6) (1,2,3,5,6) {20,21,37,28,12,19,40}
[#....#.###] (1,2,4,5,6,8,9) (1,3,4,5,6,9) (4,5,7) (5,7,8) (0,1,2,5,6,7,8,9) (0,4,5,8,9) (0,1,2,4,5,6,8,9) (1,3,5,6,8,9) {43,49,40,9,58,77,49,21,66,66}
[..####.##.] (1,3,5,7,8) (1,2,6,8) (0,1,4,5,9) (0,1,2,3,5,6,7,9) (0,1,2,3,4,6,7,8,9) (0,2,3,6,7,8) (1,2,3,5,6,7,8) (1,2,6,7) (2,3,4,6,7,9) (0,9) (1,6,9) (0,2,3,5,8) (1,6,7,8) {54,114,114,97,37,43,144,134,87,67}
[....#] (0,1,4) (2) (0,2,3) (4) (0,1,2) (1,2) {35,44,56,11,22}
[#...###] (3,4) (0) (0,1,2,4,5) (0,3,5) (4,6) (0,1,3) (1,5) (2,4,5) (5,6) {50,35,14,27,39,57,40}
[#....#] (1,2,3,4) (0,3,4) (0,1,2) (0,2) (1,3,4) (0,3,4,5) (1,4) (5) {29,33,16,16,30,19}
[...#.##.] (1,3,6,7) (0,1,3,4,5,6) (0,4,5,6,7) (0,1,2,5,6) (2,4,5) (0,1,2,4,5,6) {143,144,146,18,163,163,147,7}
[..##..#] (2,3,4) (0,1,4,5,6) (1,2,5,6) (0,1,2,3,4,5) (1,2,3) {22,34,27,19,34,30,27}
[#.#.] (1,2,3) (0,1,2,3) (0,1,3) {21,33,21,33}
[#....#..] (2,3,4,5,6) (0,1,2,4,7) (0,3,5,7) (0,1,5,6,7) (1,2,3) (4) (2,3,4) (0,1,2,3,4,5) (1,6,7) {38,69,72,62,74,45,50,43}
[##.#...] (1,2,4,5) (0,1,2,5) (0,2,5,6) (1,3,5) (0,1,2,5,6) (1,5,6) (3,4) (1,2,3,5,6) (0,2,6) {44,87,80,47,37,96,81}
[#...##.#.#] (2,3,7,8,9) (3,5) (0,1,3,4,5,6,8,9) (0,2,5,6,7,8) (2,4,6,8,9) (6,9) (0,1,2,3,4,6,7,9) (0,3,4,5,9) (0,1,2,4,5,9) {69,45,60,54,58,69,63,38,55,66}
[...#] (0,3) (0,1) (2,3) (0,2,3) (1,3) (2) {21,190,34,216}
[#.##..#.#.] (0,6,9) (0,1,3,4,5,6,7,8,9) (0,2,3,4,5,7,8,9) (1,3,4,6,7,8,9) (0,1,2,4,5,6,7,8,9) (0,1,2,3,4,5,6,8,9) (0,1,2,3,6,7,9) (0,3,4,5) (0,1,2,3,4,6,8,9) {71,41,47,56,60,46,57,42,57,76}
[#.#...] (3) (4,5) (2,5) (0,3) (1) (1,3,5) (0,1,4,5) (0,1,2,5) {41,61,29,14,33,68}
[....#.#.] (0,2,3,4) (3) (0,1,3,4,6,7) (0,1,2,4) (1,4,6,7) (4,6) (0,2,3) (3,5) {29,19,24,236,41,17,29,19}
[.#.#.] (1,2,4) (0,1,3) (2,4) (0,1,2,3) (2,3,4) (1,2,3) {9,31,42,30,19}
[#...#..#.#] (1,2,3,6) (1,2,4) (0,1,2,3,4,6,7,8) (0,4,7,9) (0,2,3,9) (0,6,7,8) (1,2,3,5,7,9) (0,1,2,4,5,7,8) (0,1,2,3,4,5,6) {51,199,203,45,179,24,47,54,37,21}
[..#.] (0,3) (1,2,3) (1,3) (0,1) (3) {19,22,5,16}
[.#.#.] (0,1,2,3) (0,1,3,4) (1,2) (1,2,3,4) {189,194,23,192,174}
[#....#.] (3) (0,1,2,4,5,6) (4,5,6) (0,2,4,6) (1,2,4,6) (1,4) {30,20,33,5,55,33,52}
[.##.##] (0,1,3,5) (0,2,4,5) (1,3,4) (0,2,3,4) (0,2,3,5) (0,2,3,4,5) (2,5) {45,14,43,44,27,41}
[.#####.#.] (1,2,3,5,6,8) (0,1,3,4,5,6,8) (1,3,5,6) (0,2,4,5,7,8) (0,1,2,3,4,6,7,8) (1,3,6,8) (0,1,3,7,8) {46,60,47,60,32,48,46,46,61}
[...###.#.] (0,2,3,4,5,7) (0,4,6,7,8) (1,3,4,6,7,8) (0,1,2,3,4,7,8) (0,1,2,4,6,7) (1,2) (0,1,4,8) (0,5) (0,1,2,3,4,5,8) (0,1,2,3,5,6,8) (2,4,5,8) {79,55,68,52,71,52,50,50,56}
[####.#.#] (0,1,2,4,5,6,7) (0,1,2,3,5,7) (0,2,3,4,5,6,7) (0,1,2,3,4,7) (0,3,4,5,6) (5,6) {28,9,18,27,25,23,20,18}
[.##.#.#.##] (1,3,5) (4,5,8) (1,4,6,7,8,9) (2,3,4,5,7,8,9) (0,1,2,6) (0,1,2) (0,1,2,3,4,5,6,9) (0,1,4,5,6) (0,4,5,7) (0,1,2,7,8) (2,3,4,5,8,9) (4,6,7,9) {57,56,54,24,52,50,32,20,38,26}
[####.#] (1,4) (2) (1,3) (0,1,3,5) (0,2,5) {169,181,17,172,9,169}
[.#.###] (3,5) (2,3,5) (1,3,4,5) (0,2,3,5) (1,2) (3,4) (3) {0,131,17,161,137,147}
[#.#.#..] (0,5,6) (1,3,4) (0,1,6) (2,4) (2,4,5,6) {22,13,13,11,24,21,23}
[##.###] (0,2,3,4,5) (2,3,5) (2,3,4,5) (1,3,4,5) {15,16,37,53,45,53}
[...#] (1) (0,2,3) (3) (0,1,2) {33,20,33,21}
[..#...##.] (2) (0,4) (2,3,5,6) (1,2,4,5,8) (2,3,4,5,7) (1,2,3,4,5,7) (3,4,6) (1,4) (3,4,8) (4,8) {6,22,51,35,46,35,14,16,13}
[...#..##.] (0,1,2,3,5,6,8) (1,3,4,5,6) (0,5,7,8) (0,2,3,7,8) (1,2,3,6,7) (0,4,7) (6,7) (2,3,7,8) {22,40,29,45,21,29,56,41,18}
[#.##] (0,2) (2,3) (0,1,3) (1,2) (1,3) {31,25,36,28}
[####...] (0,1,4,5,6) (0) (0,2) (2,3,4,5,6) (0,2,3,4) (3,5) (5,6) {39,0,28,25,13,35,23}
[.##.] (2,3) (0) (0,1,2) (1,2,3) (0,1) {34,27,24,17}
[..#..#] (0,2,4,5) (0,1,2,3,5) (2,4) (0,3,5) (0,1,2,4) {43,23,51,25,33,38}
[##.....] (0,4) (0,3) (0,1,2) (0,2,3,4,5) (2,3,4) (6) (0,1,2,3,4) (3,5) {193,19,50,215,48,37,16}
[##.....##.] (2,4,5,8) (1,2,6) (2,3,5,6,7,8,9) (0,1,2,3,4,5,7,8) (1,4,5,6,7,9) (3,4,5,6) (2,3,5,7,8,9) (1,4,8) (2,5,6) (0,1,4,5,7,9) (1,7) (0,4,7,9) (0,1,3,4,5,6,7,8) {27,64,50,65,87,100,78,81,70,54}
[..#..] (1,2,3,4) (0,2,3) (0,3) (0,4) (2,3) (1) {34,33,52,54,38}
[##..#..] (6) (1,2,3,6) (1,5) (0,2,3,4,6) (1,4,6) (2,4,5) (0,2,4,5,6) (0,4) (0,1,2,5,6) {38,47,64,30,35,49,50}
[#..####] (0,2,3,5,6) (2,3,6) (0,1,2,3,5) (0,1,2,3) (1,3,4) (0,1,3,4) {165,176,169,199,30,28,23}
[#..#.] (0,3) (0,1,3,4) (1,3) (2,3,4) (3,4) (2,4) (0,1,2,4) {13,28,20,30,31}
[........#.] (6,8,9) (0,1,2,3,5,7,8,9) (3,7) (0,1,2,3,4,7,8,9) (2,4,6,7,8) (3,7,8) (0,1,3,5,6,8,9) (0,2,4,5,7,9) (0,5,8) (0,1,2,3,5,6,7) {166,36,163,49,133,165,39,176,36,156}
[#.##..#.] (1,3,5,6,7) (0,2,5) (0,1,2,5,6,7) (0,2,5,6) (1,2,3,5,6,7) (0,1,4,6) (0,1,5,6,7) (0,1,5,6) (1,2,7) (4,7) {78,60,50,7,31,70,75,50}
[.###] (1,2,3) (0,2) {7,20,27,20}
[..#...#.] (2,3,4,5,6) (0,2) (0,2,3,5) (3,4,5) (1,2,3,7) (1,2,3,4,5,7) (3,5) (0,1,2,3,4,7) (0,1,2,6,7) (0,1,3,4,6) {192,193,70,229,203,49,180,34}
[.####.#] (0,2,3,4) (0,3,4,5,6) (1,2,3,4,5,6) (1,3,4,5) (0,3) {126,24,116,150,142,34,18}
[#..##..#.] (3,7) (2,6,7,8) (4,5) (1,4,5,6,8) (0,1,2,3,7) (0,7,8) (0,2,4,6,7,8) (0,2,3,4,6,7,8) {45,22,61,30,29,5,49,73,53}
[..#.#] (0,1,2,4) (0,2,3,4) (0,3) (1,2,4) {33,31,50,21,50}
[...#..##] (0,1,4,5,6) (0,1,3,5) (4,5) (0,1,2,5,6,7) (0,1,2,4,5,7) (0,2,3,5,6) (2,5) (0,5) (0,2,6,7) {70,33,201,8,32,234,53,32}
[#.....##] (2,4,5,6) (0,1,2,4,5,6) (0,1,2,5,6,7) (0,1,4,5,6) (0,2,5,6) (0,1,2,3,6,7) (0,1,2,3,4,7) (3,7) (0,3,4,5,6,7) {258,230,249,33,60,262,266,225}
[##.#.##] (2,4) (0,2) (1,3,4,5,6) (1,5) (0,4,5,6) (2,3) (0,4) (1,6) {26,30,130,105,19,16,20}
[.#.##.##] (2,3) (1) (2,4,7) (0,1,2,3,7) (2,4,6,7) (0,1,2,4,7) (1,3,5,6,7) (2) (1,3,4,7) (0,5,6,7) {29,58,66,55,56,23,31,87}
[.###..#.#] (1,2,3,6,7,8) (0,1,2,5) (0,3,4,6,7,8) (2,6,7) (0,1,3,5,6,8) (1,5) (0,1,2,5,6,8) (0,1,4,5,6,7) {35,46,29,26,6,40,47,22,35}
[..#...] (1,3,4,5) (0,3,5) (0,1,2,4) (0,1) (2,3,5) {39,31,27,41,27,41}
[#.##.###.] (1,3,6,8) (0,7) (1,2,5,7,8) (0,1,2,3,4,6,7) (4,6) (0,2,4,7,8) (2,4) (2,5,6,8) (3,4,5,8) (1,7,8) {25,28,46,16,39,19,18,41,43}
[.#...#.] (0,6) (0,1,2,4,5,6) (0,2,6) (0,1,2,5) (0,1,2,4) (1,2,3) (0,1,2,5,6) {61,48,67,14,16,19,38}
[##.#.] (0,1,3) (1,4) (1,2,3) {12,135,123,135,0}
[#.##] (0,2,3) (0,1,3) {27,19,8,27}
[.##...#..#] (0,2,3,4,5,6,7,9) (4,6) (2,3,4,6,7,8,9) (1,2,4) (0,1,2,3,5,6) (0,1,3,5,7,8) (1,3,5,6,7,8,9) (0,2,3,4,5,7,8,9) (1,2) (0,3,4,5,6,7,8,9) (1,9) {52,37,48,65,47,55,53,48,46,47}
[..#.] (0,1,2) (0,2,3) (0,3) (0,2) {26,13,24,11}
[#.#.##.#.#] (0,1,2,3,4,5,6,8) (0,1,2,3,5,6,7,8,9) (0,1,3,7,8) (0,1,2,3,4,6,7,8,9) (0,1,2,4,5,6,8,9) (4,5,6,7,9) (1,5,7,8) (0,1,2,3,5,6,8) (5,7,8) (0,2,3,4,5,6,9) {97,90,77,83,165,210,190,180,104,167}
[...#.] (0,3) (0,1,3,4) (1,2) (1,3,4) (3) {134,158,19,155,139}
[...#] (0,3) (0,2,3) (0,1,2) (2,3) (0,1) {24,14,30,22}
[...##.] (2,4,5) (1,4) (0,1,2,4) (0,2) (0,1,4,5) (1,3) (2,5) {202,199,222,6,203,28}
[.#####..] (3,5) (3,4,6) (0,1,3,4,6,7) (0,1,2,5,6) (1,2,4,5,6) (1,2,3,4,5) (0,1,2,6,7) {37,42,23,51,44,23,60,29}
[#.....##.#] (0,4,5) (0,1,3,4,7) (0,1,2,3,4,5,8,9) (0,2,4,5,6,7,8,9) (0,1,3,4,5,6,7) (6,7) (1,2,3,4,5,6,7,8) (2,3,4,6,7,8,9) (0,2,3,4,6,7,8,9) {188,160,41,181,199,167,157,168,41,36}
[#####.#.] (0,1,4,5,6) (0,1,3) (0,3,7) (0,1,2,5) (1,5) (0,1,6,7) (6,7) (2,3,4,5,6) (0,3,4,6) {162,144,35,46,30,46,151,137}
[#..#.###.] (1,8) (0,2,3,5) (3,5,6,7) (0,1,2,4,5,6,7) (1,2,3,5,6,8) (2,4) (2,3,7) (0,7) (1,2,6) {51,49,67,41,31,56,50,51,24}
[#.###..] (0,1,3,5,6) (4,5) (0,3,5,6) (4,5,6) (1,2,3,4,5) (0,1,2,4,6) (0,1,2,3,5) {36,41,38,50,43,73,35}
[.#.###.] (2,4,5) (0,6) (1,3,4) (1,2,3,4) (0,2,5) (1,3,4,6) (0,1,2,4,6) {43,19,38,11,29,29,28}
[##...##.#] (1,6) (0,1,2,3,4,5) (1,4,8) (1,4,6,8) (4,5,7) (0,2,3,7,8) (2,7,8) (1,3,5,8) (0,2,3,4,7) (2,5,8) {54,57,72,74,49,43,13,57,65}
[#...#..] (0,1,2,3,4,5) (0,3,6) (3,6) (2,3,5) (0,3,5) (3,4,5) {25,16,27,44,20,40,4}
[#.#.#.] (2,3,5) (0,2,4) (0,1,3,5) (1,2,4,5) {17,16,26,5,25,17}
[##.....###] (0,2,4,5,7,8,9) (0,6,8) (2,7,9) (0,4,6,8,9) (0,4,7,8,9) (0,1,2,3,4,5,6,9) (0,1,2,6,7,8) (1,2,4,5) (2,3,6,7,9) (0,2,3,5,6,7,8,9) (4,5,6,7,8,9) (0,1,3,4,5,8,9) (1,2,3,4,6,7,8,9) {75,73,86,62,102,61,86,58,79,106}
[...##] (4) (1,2,3) (0,2,3,4) (0,1,3) (0,4) (1,2,4) {155,33,16,30,149}
[..#.##...] (0,1,6,8) (1,2,6) (0,4,7,8) (0,3,4,6,7) (2,4,6) (1,2,3,6) (1,2,5,6,8) {185,208,39,15,16,18,224,14,189}
[....##] (2,3,4,5) (0,1,2,3,4) (0,1,4,5) (0,3) (0,1,2,4) (0,5) {64,31,179,181,184,176}
[...#####] (0,1,2,4,7) (0,1,2,4,6) (0,1,2,3,6,7) (0,1,4,5,6) (0,1,4,6,7) (1,2,3,4,5,6) {17,20,9,6,17,10,20,7}
[##.#.] (3,4) (0,3,4) (2,3) (0,2,4) (1,2) (2,4) (0,1,4) {52,13,51,210,240}
[.#.#.#.] (0,1,3) (2,4) (1,2,4,5) (2,3,5,6) (0,3,4,5,6) (1,3,5) (2,5) {3,42,49,35,23,65,13}
[.#.###.#] (0,1,2,5,6) (2,3,4,6) (1,4,6,7) (0,3,6,7) (0,1,2,4,5,7) (0,1,2,4,6,7) (0,1,3,4,6,7) (2,6) (1,2,3,5) (0,1,2,4) {71,69,69,55,65,34,69,70}
[#####..#] (1,5,6) (1,6,7) (0,2) (0,1,2,3,4,7) (0) (2,3,5,6) (0,1,2,3,4,6,7) (1,5,7) {19,70,27,27,18,45,55,53}
[##.#] (0,1) (0,2) (0,1,3) {35,25,10,13}
[..#.##..##] (1,2) (0,1,3,4,5,7,8,9) (0,1,3,4,7) (3,8,9) (0,1,5,7,8) (0,1,2,4,5) (0,1,3,5,6,7,8,9) (3,4,5,6,7,9) (0,1,2,4,5,7) (4,6,8,9) (0,1,3,4,5,6,8,9) {158,173,34,138,139,145,116,48,147,131}
[..#.] (1,2,3) (2) (0,1,3) (2,3) (3) (0,1) {18,21,24,41}
[##.#] (0,1,3) (0,2,3) {183,171,12,183}
[.#...##..#] (0,1,2,3,4,7,8,9) (0,1,3,5,9) (3,6,7,8,9) (1,5,7) (2,4,5,6,7,8,9) (0,1,4,8,9) (0,5,8,9) (0,2,3,4,8,9) (0,1,4,6,7) (4,7) (0,3,4,8) (0,2,6,9) {85,54,46,56,89,53,30,65,86,96}
[..##.#] (0,1,2,5) (0,1,5) (0,5) (2,4) (2,3,5) (0,3,4) {223,218,44,22,9,239}
[#######...] (2,3,4,7,8) (3,4,5,7) (9) (0,1,2,3,4,5,7,8,9) (1,7,8) (0,1,4,5,6,7) (2,3,4,5,6,8) (3,4) (0,1,3,4,5,6,7,9) (2,3,7,8,9) (4,7) (6,9) (0,2,7,8,9) {38,51,54,92,93,61,51,90,70,62}
[#.##.###] (0,3,6) (1,2,4) (3,5,6,7) (1,4,7) (1,4,5,7) (2,4,5,7) {12,24,0,23,24,22,23,35}
[###...###] (0,2,3,6,8) (0,1,4,5,7,8) (0,1,2,3,4,5,7,8) (6,7,8) (3,8) (0,5,6) (4,6) {9,3,0,13,11,9,21,10,23}
[..#.#.#.##] (0,1,2,3,6) (2,4,5,6,8) (1,3,8) (0,1,3,4,5,6,7,9) (0,4,5,6,7,8,9) (0,2,3,5,7,8) (0,1,3,4,5,6) (0,1,4,5,6,8) {59,43,27,45,54,70,54,42,67,26}
[#.#.#] (0,2,3,4) (0,3,4) (1) (1,2,3) {6,21,14,18,6}
[#.##.#.#] (1,2,6) (0,2,3,4,6) (0,1,3,4,6,7) (1,2,3,4,5,6,7) (0,1,3,7) (0,2,3,5,7) (0,3,4,5,6,7) {44,23,28,45,30,29,41,40}
[####.] (0,1,3) (0,2,3,4) (4) (2,4) (0,3,4) (1,4) (1) {3,10,10,3,13}
[#.#..#.#] (3,7) (4,7) (2,5,6) (1,2,3,4,7) (1,2,4,7) (0,1,2,6) {3,122,128,115,125,6,9,134}
[#...##..#] (0,5) (1,2,3,4,5,6,7) (1,2,3,4,5,8) (0,1,2,3,6,7,8) (3,4,6,8) (2,4) (1,2,6,8) {17,64,84,48,57,40,48,26,52}
[.#.#.#.] (2,4,5,6) (1,2,3,4,6) (2,3,4) (0,1,4,5,6) (4) {14,31,34,27,68,21,38}
[#.#.#] (2,3) (2,3,4) (0,2,4) (1,4) {10,12,31,21,28}
[.##.######] (0,1,2,3,4,5,6,9) (3,5) (1,2,3,8,9) (1,3,4,5,6,7,8,9) (2,3,8) (1,2,3,4,6,7,8,9) (0,3,4,5,6,7,9) (0,3,4,6) (0,3,9) (0,2) {43,42,61,74,33,30,33,19,36,55}
[.#.##] (1,3,4) (1,2) (0,2,3,4) (2,4) {1,38,37,20,37}
[###.##] (0,2,3,4) (2,3) (2,3,5) (1,2,3,5) (0,3,4,5) (0,1,2,4,5) (3,4) {15,8,33,29,17,24}
[#.#.##...] (1,8) (2,5,8) (2,3,4,5,8) (2,3,4,5,6) (1,3,4,7) (2,3,6,7) (0,2,8) (3,4,5,6,7,8) {1,158,38,182,182,41,12,155,41}
[#.#.] (0,2,3) (0,2) (1,3) {21,8,21,27}
[#.....#.] (2,3) (0,1,4,5) (1,3,4,6) (4,5,6) (4,7) (1,2,4,5,7) (2,3,6) (0,6) {18,21,31,22,43,33,23,19}
[.##..#.] (2,3) (0,1,4,5) (0,1,5) (1,3,5,6) (3,6) (2,6) (1,2,3,5,6) (1,5,6) (1,2,3,4,5) {20,72,46,80,13,72,62}
[#.##] (2) (3) (0) (1) {11,13,16,139}
[.#.......] (0,1,2,4,5,6,7) (0,1,2,6,7,8) (0,1) (3,4,6) (1,3,4,5,6,8) (2,4,5) (0,1,2,3,4,5,6) (0,1,2,5,7) (0,1,2,3,4,6,7) (2,3,6,8) (0,1,2,4,6,7,8) {51,53,64,44,60,34,64,38,16}
[#..##.] (0,1,4,5) (3,4) (0,2,4,5) (0,3,4) {28,0,19,26,45,19}
[#.##..##.] (0,1,3,4,5,7) (1,3,5,6) (1,7,8) (2) (1,4,5,8) (1,3,6) (2,3,4,8) (3,4,7) (0,2,4) (1,2,3,4,5,7,8) (1,2,6,7) {3,49,54,53,48,32,23,35,42}
[....##] (1,2,3,4,5) (0,2,3,4,5) (1,2,3,5) (0,1,3,5) (2,4,5) (2,3,5) {21,9,60,46,36,62}
[#.##.##.#] (1,6,7) (4,6,7) (1,4,5,6,7,8) (0,4,5,6) (0,1,2,5,6,7,8) (2,3,4,6,7) (0,1,2,3,5,8) (0,1,3,7) (1,2,4,5,6,7,8) (0,1,2,5,6) (2) {48,62,60,39,65,67,75,60,43}
[.####.##] (1,2,3,4) (2,4,5,6,7) (2,3,5,7) (1,2,5) (1,2,3,6,7) (0,1,7) (2,3,4,6,7) {14,42,218,42,184,191,192,221}
[.###] (0,1,2) (1,2,3) {195,199,199,4}
[##..###] (1,4,5) (0,1,3,6) (0,2,4,6) (3,4,5) (0,1,5,6) {135,146,6,127,27,27,135}
[.#.##] (0,1,2,3) (1,2,4) (0,1,3,4) (0,2,3) (1,4) (0,1) {52,62,34,39,39}
[.#...] (0,1,3,4) (0,2,3) (3) (0,2) (1) (0,1,4) (0,1) {63,35,28,43,20}
[#####.#.] (0,2,3,6) (0,1,4,5,7) (2,4,5,6,7) (0,2,4,6) (0,1) (1,2,3,4,7) (0,2,3,4,5,6,7) {216,31,212,201,219,196,199,209}
[.#.##...#] (1,4,5,7) (0,1,2,3,4,5,7,8) (1,2,4) (2,4,6,8) (1,4) (1,6) (2,3,5,6,7,8) (1,5,7) (0,1,3,4,5,7) {37,86,44,53,64,68,35,68,36}
[#.#..###.#] (0,1,3,4,6,7,9) (1,2,4,8,9) (0,1,6) (0,1,3,4,5,6,7) (1,4,5,8) (1,2,3,5,6,7,8,9) (2,8) (1,3,4,9) (0,1,2,3,4,5,7,9) (6) {30,91,54,52,61,50,38,40,53,66}
[.#...#] (4,5) (1,2,3) (0,1,3,4) (0,3,4,5) (0,1,2,4,5) (2,5) {19,32,30,33,34,32}
[.#..#] (2,3) (3,4) (1,4) (0,1,3,4) (0,1,4) {32,50,197,215,51}
[#.###] (2,4) (0,3) (1,2,3,4) {17,3,16,20,16}
[..#.#.##..] (1,2) (0,2) (1,2,6,7,9) (0,2,3,4,8,9) (0,2,5,6,8,9) (7) (5,8) (4,8,9) (1,3,5) {42,22,51,32,32,33,21,3,52,53}
[.....#.##] (0,1,2,3,8) (2,4) (1) (0,1,2,8) (0,2,3,4,5,6,8) (0,8) (2,3,6,7) (6) (2,4,5,8) (1,2,8) {44,25,74,35,49,37,33,1,68}
[#.###.] (0,3,5) (1,3,4,5) (0,1,3,4) (1,2) {13,29,0,29,29,16}
[###.#] (1,4) (0,1,3) (0,2) {29,21,14,15,6}
[.#....] (0,3,4,5) (0,2) (1,2,4) (0,1,3) (2,3) (0,1,2,3) (1,2,3,4,5) (5) {47,51,51,37,19,13}
[.#.#.] (1,2,4) (0,1,3) (1,3) (0,2,3) (0) {20,184,178,34,164}
[.#.#] (0,1,2) (1,3) (1,2) (0,3) (2,3) {197,210,212,36}
[#...] (2,3) (0,2,3) (0,1) {22,10,17,17}
[#####.#..] (1,2,3,5,6,7) (2,5) (0,3,4,5,6,7,8) (0,1,4,5,6,7,8) (0,1,3,4,5) (2,5,6) (1,3) (4,6) {17,35,27,30,21,44,39,17,13}
[##.##.] (2,4,5) (0,1,2,3,5) (1,3,4,5) (0,1) (0,4,5) (0,2,3) (4) (0,1,3,4,5) {64,33,206,32,211,220}
[..####.] (0,1,2,4,6) (0,1,4,6) (0,2,3,4,6) (2,4,6) (1,2,3,5,6) (0,1,5) (0,2,3,5) (0,1,2,3) {182,182,50,26,163,27,170}
[##....] (1,2,3) (2,3,5) (1,3,5) (1,4) (1,2,4) (0,3,5) {3,19,20,23,8,20}
[.#..##.#.#] (1,4,9) (1,2,3,4,5) (0,2,4,5,6,7,9) (0,1,2,4,5,6,7,9) (6,8) (0,2,8) (0,1,2,3,5,6,8,9) (4,9) {41,196,57,35,181,57,48,22,26,184}
[#.###] (0,1,4) (0,2,3,4) (1,2,3) {16,21,31,31,16}
[###...##..] (1,2,4,5,6,7,8) (0,1,2,4) (0,3,6,8) (3,4,6,8,9) (2,5,7) (0,2,3,5,7) (1,2,3,4,6,9) (0,1,4,7,8,9) (0,1,4,7) {32,38,51,49,55,36,50,43,46,35}
[.##.##.##.] (2,3,4,5,6,7,8,9) (1,2,4,5,7,8) (0,1,2,3,4,5,6,7,8,9) (1,8,9) (0,2,3,5,6,7,8,9) (0,2,4,5,6,8,9) (0,1,3,5,7,8,9) (7,8) {42,37,62,53,49,71,49,76,81,58}
[###.#.##] (0,1,3,7) (0,1,3) (0,1,5,7) (2,3,4,6,7) (3,7) (0,1,2,4,6,7) (7) (0,2,3,4,6,7) (3,4,5,6,7) (0,1,4,6,7) {70,55,33,57,55,15,55,95}
[..#...#] (1,3,6) (0,1,2,3,4) (1,2,3,4,6) (1,4,5,6) (0,5) (0,2,3,4,6) {36,34,27,37,29,13,19}
[.#...##.] (0,2,3,4,5,6) (0,2,4,5,6) (0,3,5,6,7) (0,1,7) (0,2,6) (1,2,3,4,5,6,7) {43,11,49,30,40,45,54,16}
[###.] (0,1,3) (0,2) (1,3) (0,2,3) {31,32,13,38}
[...#..] (0,2,4,5) (0,1,4) (2,4,5) (0,1,2,3,5) (0,5) (0,1,2) (1,3,4,5) {65,56,49,23,53,60}
[#.#..] (0,1,3) (0,2,4) (0,1) (4) (0,1,2) {235,219,31,14,22}
[#...#.##] (5) (1,3,6,7) (0,1,2,3,4,6) (2,3,4,6,7) (1,2,3,4,5,6) (0,1,4,7) (0,1,2,5) (0,1,3,4,7) (0,1,3,5,6,7) (1,4) {38,70,48,68,57,38,59,56}
[.#.##...#] (1,3,4,5,6,8) (1,2,3,5,6,7,8) (0,2,3,4,8) (0,1,5,6) (0,4,7) (0,1,2,3,4,6,7,8) (1,3,4,5) (4,6) (1,8) {172,204,182,194,185,22,195,182,204}
[##.#..] (1,5) (0,2,3,4,5) (2,4) (0,1,2,3,4) {34,23,42,34,42,19}
[#....#.#.] (0,2,3,4,6) (5,8) (3,4,5,7) (0,5,7) (0,2,3,4,5) (0,6,7) (0,2,4,5,6,7,8) (1,2,3,5,6) (1,2,7) (0,1,2,3,4,8) (1,3,4,5,6,7,8) {53,25,39,43,45,46,38,37,28}
[...##.] (0,2,3,5) (0,3,4,5) (4,5) (1) (0,1,2) {19,29,10,9,25,25}
[...#] (0,1,3) (0,1,2) (0,1,2,3) {32,32,22,19}
[....#...] (0,3,7) (1,2,4,7) (0,1,2,3,4,5) (0,1,2,5,6) (0,1,3,4,6,7) (5,6) (0,1,2,4,5,7) (2,4) (1,2,3,4,5,6,7) {225,86,81,213,77,59,44,224}
[.##.] (0,2,3) (0,1) (0,2) {221,18,203,191}
[...#.#] (0,1,3) (2,3,4) (0,2,4) (1,2,5) (4,5) (0,1,2,5) (0,1,2,4,5) {18,29,26,9,8,21}
[...###] (0,1,4,5) (2,4,5) (0,1,3,5) (1,5) (0,3,5) {42,25,2,24,20,47}
[..##.#.##.] (0,1,2,4,9) (2,5,7) (6,7) (3,4,9) (0,2,3,5) (0,1,2,6,7,9) (0,1,2,3,5,6,8) (0,1,2,3,6,7,8,9) (0,1,7,8) (1,2,3,4,6,7,8,9) {73,62,80,53,23,36,47,43,34,49}
[.##.#..] (0,1,3,4,6) (0,1,2,4) (1,5,6) (1,4) (3) (1,2,4,5,6) (0,2,3,5) (4,5) {22,56,36,10,64,35,28}
[##.#.####] (1,3,6,7,8) (3,5,7) (3,6) (1,2,3,6,8) (2,5,6,8) (0,2,3,4,7) (1,2,3,4,5,7,8) (3,4,8) (2,3,6,7,8) (0,2,3) {30,17,71,81,30,37,43,43,58}
[#.#.###] (0,5) (3,4) (3) (6) (1,3,5,6) (3,5,6) (0,4,5,6) (1,2,4) {29,141,131,31,154,39,24}
[.####.#.##] (0,8) (2,3,5,8,9) (2,7) (5,8) (1,2,5,7,8) (4,5,7,8,9) (0,1,2,4,6,7) (0,2,3,4,5,6,8,9) (0,1,2,3,5,6,7,9) (0,1,2,6,7) (0,1,5,6,9) {86,59,81,40,26,63,75,58,40,61}
[#..#] (0,2,3) (0,1) (0,3) (2) {42,13,17,29}
[.###] (0,2) (1,2) (2,3) (1) (3) (0,2,3) {19,26,33,23}
[####.#...] (0,2,3,5,8) (0,1,2,4,6,7) (3,4,6,7,8) (0,5,6,7,8) (3,4,5,6,7) (0,2,3) (1,2,3,4,5,6,7,8) (1,2,3,5,6,7,8) {22,37,39,43,44,41,61,61,24}
[..###.#] (1,2,5,6) (3,5) (1,2,3) (2,3,4,6) (0,2,3,6) (0,5,6) {11,14,37,45,13,21,30}
[##..###.##] (0,1,2,5,6,7,8,9) (0,1,2,3,4,6,8,9) (0,1,2,3,5,6,7,8,9) (1,3,4,5,6,7,9) (1,5,6,7,8) (0,2,3,6) (0,3,6) (5,7,9) (1,3,5,7) (1,5,9) (0) (2,8) (1,2,3,4,5,6,7,9) {67,90,64,82,46,78,83,71,44,81}
[#..##] (0,1,3,4) (0,2) (0,3,4) (0,1,3) {18,17,1,17,1}
[.#..#.#..#] (1,2,3,7,8,9) (1,2,3,4,5,6,7) (0,1,4,5,6,7,8) (1,2,4,7,8,9) (0,1,3,4,6,8,9) (3,6,7) (0,1,2,3,6,7,8) (5) {19,67,50,52,46,31,43,67,50,38}
[.##.] (0,1,3) (2) (1) {9,14,20,9}
[#.####.##] (3,4,8) (3,6,7) (0,1,2,3,4,5,7,8) (1,5) (0,1,3,4,5,6,8) (0,3,4,5,6,7) (1,2,3,4,5,6) (0,1,2) (0,2,5,6,7,8) {69,64,58,76,65,85,70,56,66}
