0123456789876543210123456789876543210
1234567898987654321234567898987654321
2345678987898765432345678987898765432
3456789876789876543456789876789876543
4567898765678987654567898765678987654
5678987654567898765678987654567898765
6789876543456789876789876543456789876
7898765412345678987898765432105678987
8987654301234567898987654321214567898
9876543210123456789876543210123456789
8987654321214567898987654301234567898
7898765432105678987898765432321678987
6789876543456789876789876543210789876
5678987654567898765678987654567898765
4567898765678987654567898765678987654
3456789876789876543456789876789876543
2345678987898765432345678987898765432
1234567898987654321234567898987654321
0123456789876543210123456789876543210
1234567898987654321234567898987654321
2345678987898765410145678987898765432
3456789876789876543456789876789876543
4567898765678987652567898765678987654
5678987654567898761678987654567898765
6789876543456789870789012543456789876
7898765432345678989898123432345678987
8987654321234567898987654321234567898
9876543210123456789876543210123456789
8987654321214567898987654321234567898
7898765432105678987898765432345678987
6789876543456789876789876543456789876
5678987654567898765678987654567898765
4567898765678987654567898765678987654
3456789876789876543456789876789876543
2345678987898765432345678987898765432
1234567898987654321234567898987654321
0123456789876543210123456789876543210