16355495
7306092
9074712
11474671
6692099
14538993
752286
13910846
12356834
16004374
2740718
544625
7094507
9245888
682786
13322931
9376162
9040945
6652883
3878407
9683423
5430384
1935252
15528266
15452804
16671932
6597997
11498376
12505633
11367535
10575248
8237862
4683178
15150230
4996912
11883415
15067315
5972813
14350663
4187353
5397400
8711856
12759999
3918414
6157217
13949801
2915162
5656649
15326359
15181194
2311724
3188511
6419320
8047156
8561513
13737351
9541282
1462239
3965863
13201350
11475096
12323499
1776027
887601
2911877
9165824
7006864
347033
1850086
12206657
6147286
5463900
12582475
16637871
13372513
11363577
3388317
9775319
12859104
4755359
3969680
15268865
5462903
4627506
12271783
16180723
6013745
9397314
13301726
5951006
10842424
12256412
8169566
11585260
9629857
479269
4841627
9043798
11086976
13595210
2315264
10885925
201148
14015580
5415877
13658232
14126052
9788418
3344071
1244434
11586291
2579493
556028
1658317
8493761
15696608
15742707
13400109
10590564
533288
3819003
2783916
7809934
9055848
14638499
5297538
5032052
8498595
11470127
2520339
10317168
15751495
15454688
4055563
15484933
6098818
8596589
16393003
6139541
14936227
12087985
7846780
10211433
4003057
2084984
15404585
15519808
16250169
7766929
5183922
5418221
4506747
3113316
1109872
726287
13323031
10595888
12592231
3563803
4483124
167809
4941422
11797881
16683587
9378759
10530411
12200076
13101324
3405785
5871376
4401653
987154
2033646
5122293
7277671
1907906
2694127
7537219
2379211
14065286
2231872
11193164
9303399
6401180
13811655
8203118
7135509
7689335
15975357
5129325
13286538
7630933
8360173
15634247
8381396
8611539
8973357
1889742
2017338
3505763
14266484
6099456
13666228
8390856
11062131
2879496
12271391
2541591
4546994
810023
2058590
6061595
9744936
5329775
14042456
1367455
8984240
2334512
3728872
10432641
2290770
11227238
2888798
9726853
7117569
12577808
13411417
12281404
7796894
6818940
14289218
12789924
3937554
11577300
9498289
5453265
1375729
2534171
10420363
9584944
5897623
10927019
7596428
3309599
6263986
11657697
14910064
6082763
1115173
8445754
9641150
12654501
694430
3398229
15031711
4109133
5775264
10341821
332538
7981369
12171160
9260068
9787997
13556010
1818770
5134290
9378293
11384850
2441521
8352920
10267436
8544802
7947027
1906010
417796
11627608
4790887
14940520
9481152
14353969
15422787
1965164
14274480
14618900
15548506
10411670
416373
2476623
13045527
6509486
5184832
9415630
9389158
14909582
16630789
304154
7597943
7821332
9141678
6395294
13671278
1047834
15881409
9733346
15522388
425828
12546569
9382647
5405131
10395508
6401530
5065265
9145048
15303288
7665086
3114255
1524895
12762381
13449701
14567251
12760127
8014747
799174
5774608
1532155
11401793
13976499
14188787
11486082
2721529
9476649
3372792
8083638
15214487
15258887
8341836
6609762
11265155
14618348
14049128
15068217
1233360
2491819
10793225
11451394
5905476
5192902
11330868
12433474
12728400
12109204
15677008
12504726
12547967
462260
13370608
13342162
13608754
4617495
16204053
6194515
7340687
7634131
6486630
11979328
12659600
9886324
3100980
12232505
8494319
4232331
12802329
12352704
2245191
3092344
5720160
9565899
10215008
8372607
3238596
14071350
4356819
2760056
10219385
7006811
3291527
16513085
12115980
15888323
2625904
1804635
16628818
15623172
3270142
12611376
14851387
2614222
9387320
10554611
15266417
15367907
10743108
3334606
15161926
15234298
7821399
10741339
4030163
5578431
9254762
9926011
6941429
1969633
1516052
5570973
16540746
14415530
15246841
15363099
8212854
7396326
16458704
5213271
2962293
15413950
14429431
8901595
12991268
15054595
15121316
7749279
16375526
10147989
15821680
6248224
2962634
10577905
15956182
7155677
10895744
2574737
13534845
1520412
5947707
16207228
15814603
15313374
14606995
10688922
15137574
10432265
14977665
9871721
1225880
7665618
7596241
3384417
9288988
10301823
6366063
445636
10085622
8170110
6144659
13267661
2771360
3196139
2374886
3332851
16683941
3421777
839570
11639216
9394079
9142165
12832663
11676270
9355534
15805342
14699909
3457622
2719571
1693505
10061968
6486387
13817388
7640253
7270092
11765012
1611119
12348373
10404959
9985169
659591
12534083
15783837
2631019
9668395
4409367
3314191
10652785
3209047
258323
15025102
4822757
8144425
14613221
693469
8275879
13757317
6385033
5754045
3995963
8897699
3194615
10561759
11158775
1961401
2599534
12201069
2978281
8463294
1518239
1371250
13787619
12414743
9569282
11759708
7958736
12519293
6558851
900540
9263325
14052061
16489157
2937886
5506290
6587704
4619727
350472
13326847
7610513
15444302
8057168
5500403
15618824
419285
8000078
12312730
2330594
4750302
3643365
6852216
6995981
12873380
3842477
12160901
12210421
11169009
7960421
12110584
13078278
9710980
829484
10861954
14781751
10941828
16041757
8206377
396819
5760476
5402495
7514766
10139258
9468761
5591255
9290643
5617704
12271735
4551986
15537798
15934316
4330211
11183900
8206453
14831107
11424940
6852335
14819572
717355
3860003
11724185
4369046
10987041
9899101
13624120
7534946
10517274
5725484
12656548
2484236
8746140
14061396
9736036
2684682
16529307
5537938
16029308
7379635
523601
16315881
9019675
10366540
1919464
5265771
5174846
9288022
2753622
5047932
16647986
12880313
707760
8015427
11808301
10899504
1729032
8926399
12798750
11914259
14662304
3057553
14810710
9404390
1991096
10386746
2703842
13348901
16291724
12747286
7080454
12966287
12419936
11930399
880806
2661054
14749283
8356029
12133446
9041380
14244409
14408149
4693728
1901250
16019595
3443537
16621756
10833212
8721333
16430913
15072586
643738
15363313
3592889
9484584
5696875
7058369
3485510
13526645
169445
3108435
10628856
429284
14004768
410797
13302899
3902274
4408778
10344973
243376
11986315
7412705
793282
8101225
8936220
14349765
2810375
12659551
1229133
12634428
8051930
2597346
7972133
2523718
14599666
1409306
2074869
10284366
16008425
9119207
13487415
10138114
1128840
6185974
5377335
7988790
6978808
13878564
11304195
5896792
12005098
6432999
8342603
9719197
13868640
11080669
13793037
3360406
11238873
594762
4494944
16090330
3877570
9592444
16129757
6734221
15059440
13910999
14003458
8574435
5724080
6886456
517935
5746756
16163722
11403580
6909668
9750938
16365400
13817037
3843178
5172259
11872378
284179
13780790
6114196
12790331
11836613
16695083
2259587
6513488
15219576
1830142
1415937
13113158
13893451
14970937
15736553
13062474
5157625
16147599
5824440
10463559
16236545
8162459
7378138
3330211
16141850
16509594
7307811
9388576
2257635
2553392
3235227
15778407
9219366
8410623
1055757
12613034
9571228
6521483
2211255
10183808
11434644
11309762
3735550
1028019
13924702
16389979
1484211
5853728
10572718
6168160
1502257
5908996
364466
13949241
7917756
9286202
14674628
10937058
7243224
6621394
2592819
14653207
6579128
6743345
10320535
13202400
1224882
14374298
9940162
12065322
5752460
4029548
15752778
8685028
14925464
9118137
1756444
1814420
6312189
4943868
5262468
5013067
9488933
12540870
5817947
5185176
832514
14639100
10965005
339750
11491082
8377352
5965403
14109616
12109790
1915097
6497178
3422252
3508780
9014779
10975354
12453435
14849774
4377398
7541250
9182022
4125485
839253
10296506
10611754
13966450
13881729
7006114
14211268
15923321
10507880
13462958
10742882
13516353
882439
11001122
974021
425580
6287197
1066310
15121963
16058294
11517327
8564572
3419355
8018371
13355309
4158436
827761
11738038
15538246
7885726
8133251
15303890
16138944
11251898
9300266
15250224
12074006
6087435
8864872
16180924
7238186
8515063
7286440
4410604
491290
10515272
4089367
13812534
8205665
8679084
13802019
5272329
8006233
14786112
4872979
14524662
13284713
15613942
9857613
7449091
3857018
1537588
5165046
629862
10557271
5106279
15979055
10271906
2913680
13274834
7954825
6140869
16422939
11621403
7889451
15083431
5330366
3055508
15884157
5022012
1540475
12771209
6127207
5793692
13636040
12848922
16453044
10637081
5589040
12637824
7529064
16538265
575056
16544457
3740872
13883832
3126409
11805775
5562159
5556063
1371104
1227100
13883323
2648652
6633608
12731791
8445615
2976428
8036209
16732844
10394221
9501963
13141982
12855197
7259337
13937424
15125657
12595822
3525096
9985264
13576120
161057
4457407
16270140
8905236
3671826
11029759
6506141
8715719
3768512
3647307
14340615
2663104
13986200
12683613
1620873
11003753
15835739
16594752
12341024
1588949
4859521
3391101
3282439
7738223
6188772
13967336
1303225
13380204
1313703
9207209
15558220
1587796
15840836
14830593
15109644
6627336
6677034
13130629
329740
12837478
5940805
11127189
1798682
6907739
3434302
9927979
15284172
6790858
3134734
5025922
9195892
11981275
14955018
5920880
9156227
16099765
8014103
1707774
2042235
190565
13008984
15656021
16400806
12999650
15456286
12475866
5795553
2588309
15851346
560183
12766526
13882518
5007906
912351
16554200
8210943
299273
10780100
13763871
5941045
10080451
13880571
4535743
5846253
11889407
15621952
9413091
1873088
1636130
14624681
7717801
3403234
3716468
3350833
9344444
7354680
6500780
6895679
11073190
5615220
12537516
2388977
9108677
7939656
9005262
11734919
783901
6446530
12124405
2453304
12391386
15410727
3325204
11071328
8022552
14289950
12686747
4206380
6373552
8082204
9770662
7222714
11006173
9129761
7256717
299003
4156717
4215183
5494183
14549945
14009527
14040794
13192182
4179608
6791084
7752729
15961200
14433350
3012922
16760373
6094456
13982359
13422920
8737392
2707484
1577699
3589878
15159888
8634958
9304772
5999293
9006517
12500848
12005633
6806489
2364909
13796109
12962677
3786770
9379311
10445706
292273
14259772
872357
4793159
7742248
7015058
4261442
16417115
8487156
2912213
1891082
1687233
11939702
10246203
413354
6149746
11180409
5221768
14872167
15948164
6074868
16133947
8434634
3149562
8849685
9021533
1167436
12332406
13691376
1321887
14769819
13436550
13683135
2208644
2804103
12960714
7984575
11748548
12218241
4855949
7555675
5620418
1968579
15135474
6634373
12459949
14985629
8775971
2895917
1475605
5197424
13612376
16342799
1112795
9755861
7283170
3819302
8101638
9495849
5675162
9629655
1978300
13733501
11707012
12472562
9124707
5119028
11485308
11702188
1256796
8450569
8362021
5574659
14405854
4021599
13837404
10901519
272220
9143472
8049071
772456
13471830
3082447
9783639
14154206
818149
16027768
6585192
9471428
10843948
13545215
6244057
1669182
11864736
6782099
8924955
14128928
8604813
13664906
14507749
6755699
13655641
4137575
7666147
14964471
6514674
8963075
5562046
9620882
16294497
4808785
3251207
13217085
8335311
15369067
12015669
2273449
6349913
1758315
8968940
1556140
4308668
13261961
4362078
8229740
1841777
6097751
14958738
1121837
10554609
5950659
10105817
6480612
1887679
9732212
8591268
2165403
3758981
4745897
4434045
14871874
3547089
8752741
14276229
13868982
9334322
3317976
9516944
1615687
141831
14540899
6913894
10251928
1990673
14129002
597336
12376934
4615386
13833779
2539224
4435805
6459159
2732188
9948716
11191582
9120947
728639
5883358
11807598
13121983
3827402
15190241
15294617
13906266
10046130
11534316
4988194
11532724
5075846
9052583
11873316
2385068
15357955
15456486
4689668
14108117
4190429
10599736
7061119
3818670
15826148
12241537
7422618
7312761
2072449
6942583
11627167
5047443
9121018
14212120
5100512
12164675
3450377
10738772
11087588
12947416
13728074
14984033
5221467
10909037
8255212
16291096
1598290
15559184
15198917
15050767
11888129
269533
7869530
817134
13631455
6266239
15684844
14602179
11238340
16069605
598716
15651534
9365839
7311894
15953892
8203116
3379988
4203276
10232804
11220634
9795786
5291512
2493176
4399721
3360537
5450163
13749937
4211356
2647956
8562719
285161
7375758
12332028
12596222
8503371
13106210
15363602
6073658
1065211
3786609
3849725
9522896
10403233
4063612
12597902
13655653
2856246
12870400
12459444
1765189
4220250
6558480
7858654
6039762
1181614
15412452
2938938
9835127
16124895
10062019
1040744
15351048
3794013
9304992
3377036
4946419
14255282
3822964
14077843
15426503
257630
14853622
7394545
4520123
13325751
8009156
15576380
2790970
4420879
3203713
2446521
13231147
539289
13800165
16179240
16434819
2703085
13494024
16175119
8801181
8779782
2981294
15406100
6835542
16128172
10007428
5758783
15702320
9390039
4977075
1770842
3860642
4372583
6355029
12465192
437641
10756325
3754903
3362249
12328697
3290721
4094626
1286710
7694308
575150
11241816
4868529
12071627
13409844
3652961
15584934
7330653
5564016
13338318
5136564
10459150
8391913
16025852
4882787
16658885
15634673
16512029
5399396
4068981
13136349
16101150
7392333
5991389
10820000
13188949
6833215
2451920
9198044
16063380
10726442
16174686
7458090
7345654
8534031
1919401
9842027
1304263
1401883
2874015
3935047
16088736
16072516
3033291
10812572
